Ba 2.75 [ 0.05540923 -0.00094706 -0.03545771] [ 0.006781 -0.000117 -0.004381]
(12) 0.0497854 -0.0009471 -0.0196990
[[-2.04081004e+00 -2.02362600e+00 -7.33758523e-02]
 [-2.03281856e+00  1.28702614e-03 -2.02338000e+00]
 [-2.02440218e+00  2.02362600e+00 -2.11807418e-02]
 [-2.01671303e+00  6.42784563e-02  2.02338000e+00]
 [-4.30543057e-02 -2.02362600e+00 -2.02338000e+00]
 [ 2.06120548e+00 -2.02362600e+00 -2.11726483e-02]
 [ 8.54712541e-02 -2.02362600e+00  2.02338000e+00]
 [ 2.05274824e+00 -1.28702614e-03 -2.02338000e+00]
 [-4.95504479e-02  2.02362600e+00 -2.02338000e+00]
 [ 2.04478944e+00  2.02362600e+00 -7.33758523e-02]
 [ 2.06892731e+00 -6.42784563e-02  2.02338000e+00]
 [-3.83068106e-02  2.02362600e+00  2.02338000e+00]]
 
Ba 2.75 [ 5.54092327e-02 -9.47056968e-04  4.08221771e+00] [ 6.78100e-03 -1.17000e-04  5.04381e-01]
(12) 0.0497854 -0.0009471 0.0196990
[[-2.04081004e+00 -2.02362600e+00  4.12013585e+00]
 [-2.02440218e+00  2.02362600e+00  4.06794884e+00]
 [-2.01671303e+00  6.42784563e-02  2.02338000e+00]
 [-2.03281856e+00  1.28702614e-03  6.07014000e+00]
 [ 2.06120548e+00 -2.02362600e+00  4.06792455e+00]
 [ 8.54712541e-02 -2.02362600e+00  2.02338000e+00]
 [-4.30543057e-02 -2.02362600e+00  6.07014000e+00]
 [ 2.04478944e+00  2.02362600e+00  4.12013585e+00]
 [ 2.06892731e+00 -6.42784563e-02  2.02338000e+00]
 [ 2.05274824e+00 -1.28702614e-03  6.07014000e+00]
 [-3.83068106e-02  2.02362600e+00  2.02338000e+00]
 [-4.95504479e-02  2.02362600e+00  6.07014000e+00]]
 
Ba 2.75 [ 0.05540923  4.04819906 -0.03545771] [ 0.006781  0.500117 -0.004381]
(12) 0.0497854 0.0009471 -0.0196990
[[-2.03281856  4.04596497 -2.02338   ]
 [-2.02440218  2.023626   -0.02118074]
 [-2.04081004  6.070878   -0.07337585]
 [-2.01671303  3.98297354  2.02338   ]
 [ 2.05274824  4.04853903 -2.02338   ]
 [-0.04955045  2.023626   -2.02338   ]
 [-0.04305431  6.070878   -2.02338   ]
 [ 2.04478944  2.023626   -0.07337585]
 [ 2.06120548  6.070878   -0.02117265]
 [ 2.06892731  4.11153046  2.02338   ]
 [-0.03830681  2.023626    2.02338   ]
 [ 0.08547125  6.070878    2.02338   ]]
 
Ba 2.75 [0.05540923 4.04819906 4.08221771] [0.006781 0.500117 0.504381]
(12) 0.0497854 0.0009471 0.0196990
[[-2.02440218  2.023626    4.06794884]
 [-2.04081004  6.070878    4.12013585]
 [-2.01671303  3.98297354  2.02338   ]
 [-2.03281856  4.04596497  6.07014   ]
 [ 2.04478944  2.023626    4.12013585]
 [ 2.06120548  6.070878    4.06792455]
 [ 2.06892731  4.11153046  2.02338   ]
 [ 2.05274824  4.04853903  6.07014   ]
 [-0.03830681  2.023626    2.02338   ]
 [-0.04955045  2.023626    6.07014   ]
 [ 0.08547125  6.070878    2.02338   ]
 [-0.04305431  6.070878    6.07014   ]]
 
Ba 2.75 [ 4.14103323e+00  9.38962464e-04 -3.54981787e-02] [ 5.06781e-01  1.16000e-04 -4.38600e-03]
(12) 0.0497895 0.0009390 -0.0197394
[[ 4.03602452e+00 -2.02362600e+00 -2.02338000e+00]
 [ 2.06120548e+00 -2.02362600e+00 -2.11726483e-02]
 [ 6.13043796e+00 -2.02362600e+00 -7.33758523e-02]
 [ 4.04732536e+00 -2.02362600e+00  2.02338000e+00]
 [ 2.05274824e+00 -1.28702614e-03 -2.02338000e+00]
 [ 6.13842944e+00  1.28702614e-03 -2.02338000e+00]
 [ 4.04255335e+00  2.02362600e+00 -2.02338000e+00]
 [ 2.04478944e+00  2.02362600e+00 -7.33758523e-02]
 [ 6.14684582e+00  2.02362600e+00 -2.11807418e-02]
 [ 2.06892731e+00 -6.42784563e-02  2.02338000e+00]
 [ 6.15453497e+00  6.42784563e-02  2.02338000e+00]
 [ 4.17110343e+00  2.02362600e+00  2.02338000e+00]]
 
Ba 2.75 [4.14103323e+00 9.38962464e-04 4.08225818e+00] [5.06781e-01 1.16000e-04 5.04386e-01]
(12) 0.0497895 0.0009390 0.0197394
[[ 2.06120548e+00 -2.02362600e+00  4.06792455e+00]
 [ 6.13043796e+00 -2.02362600e+00  4.12013585e+00]
 [ 4.04732536e+00 -2.02362600e+00  2.02338000e+00]
 [ 4.03602452e+00 -2.02362600e+00  6.07014000e+00]
 [ 2.04478944e+00  2.02362600e+00  4.12013585e+00]
 [ 6.14684582e+00  2.02362600e+00  4.06794884e+00]
 [ 2.06892731e+00 -6.42784563e-02  2.02338000e+00]
 [ 2.05274824e+00 -1.28702614e-03  6.07014000e+00]
 [ 6.15453497e+00  6.42784563e-02  2.02338000e+00]
 [ 6.13842944e+00  1.28702614e-03  6.07014000e+00]
 [ 4.17110343e+00  2.02362600e+00  2.02338000e+00]
 [ 4.04255335e+00  2.02362600e+00  6.07014000e+00]]
 
Ba 2.75 [ 4.14103323  4.04631304 -0.03549818] [ 0.506781  0.499884 -0.004386]
(12) 0.0497895 -0.0009390 -0.0197394
[[ 2.05274824  4.04853903 -2.02338   ]
 [ 6.13842944  4.04596497 -2.02338   ]
 [ 4.04255335  2.023626   -2.02338   ]
 [ 4.03602452  6.070878   -2.02338   ]
 [ 2.04478944  2.023626   -0.07337585]
 [ 2.06120548  6.070878   -0.02117265]
 [ 6.14684582  2.023626   -0.02118074]
 [ 6.13043796  6.070878   -0.07337585]
 [ 2.06892731  4.11153046  2.02338   ]
 [ 6.15453497  3.98297354  2.02338   ]
 [ 4.17110343  2.023626    2.02338   ]
 [ 4.04732536  6.070878    2.02338   ]]
 
Ba 2.75 [4.14103323 4.04631304 4.08225818] [0.506781 0.499884 0.504386]
(12) 0.0497895 -0.0009390 0.0197394
[[2.04478944 2.023626   4.12013585]
 [2.06120548 6.070878   4.06792455]
 [6.14684582 2.023626   4.06794884]
 [6.13043796 6.070878   4.12013585]
 [2.06892731 4.11153046 2.02338   ]
 [2.05274824 4.04853903 6.07014   ]
 [6.15453497 3.98297354 2.02338   ]
 [6.13842944 4.04596497 6.07014   ]
 [4.17110343 2.023626   2.02338   ]
 [4.04255335 2.023626   6.07014   ]
 [4.04732536 6.070878   2.02338   ]
 [4.03602452 6.070878   6.07014   ]]
 
Ti 6.3 [2.18712441 2.023626   6.07014   ] [0.267661 0.25     0.75    ]
6 0.00 7.59 8.35 0.1906230 -0.0000000 0.0000000
[[ 2.04478944e+00  2.02362600e+00  4.12013585e+00]
 [ 2.05274824e+00 -1.28702614e-03  6.07014000e+00]
 [ 2.05274824e+00  4.04853903e+00  6.07014000e+00]
 [-4.95504479e-02  2.02362600e+00  6.07014000e+00]
 [ 4.04255335e+00  2.02362600e+00  6.07014000e+00]
 [ 2.04478944e+00  2.02362600e+00  8.02014415e+00]]
 
Ti 6.3 [2.08432194 6.070878   2.02338   ] [0.25508 0.75    0.25   ]
6 0.00 0.90 1.30 0.0179236 0.0000000 0.0000040
[[ 2.06120548  6.070878   -0.02117265]
 [ 2.06120548  6.070878    4.06792455]
 [ 2.06892731  4.11153046  2.02338   ]
 [ 0.08547125  6.070878    2.02338   ]
 [ 4.04732536  6.070878    2.02338   ]
 [ 2.06892731  8.03022554  2.02338   ]]
 
Ti 6.3 [2.18350455 6.070878   6.07014   ] [0.267218 0.75     0.75    ]
6 0.00 7.40 6.99 0.1870194 0.0000000 0.0000040
[[ 2.06120548  6.070878    4.06792455]
 [ 2.05274824  4.04853903  6.07014   ]
 [-0.04305431  6.070878    6.07014   ]
 [ 4.03602452  6.070878    6.07014   ]
 [ 2.06120548  6.070878    8.07234735]
 [ 2.05274824  8.09321697  6.07014   ]]
 
Ti 6.3 [6.16992143 2.023626   2.02338   ] [0.755077 0.25     0.25    ]
6 0.00 0.90 1.29 0.0178991 0.0000000 -0.0000040
[[ 6.14684582  2.023626   -0.02118074]
 [ 6.14684582  2.023626    4.06794884]
 [ 6.15453497  0.06427846  2.02338   ]
 [ 6.15453497  3.98297354  2.02338   ]
 [ 4.17110343  2.023626    2.02338   ]
 [ 8.13294119  2.023626    2.02338   ]]
 
Ti 6.3 [6.26916123 2.023626   6.07014   ] [0.767222 0.25     0.75    ]
6 0.00 7.40 6.99 0.1870358 0.0000000 -0.0000040
[[6.14684582e+00 2.02362600e+00 4.06794884e+00]
 [6.13842944e+00 1.28702614e-03 6.07014000e+00]
 [6.13842944e+00 4.04596497e+00 6.07014000e+00]
 [4.04255335e+00 2.02362600e+00 6.07014000e+00]
 [6.14684582e+00 2.02362600e+00 8.07233926e+00]
 [8.12169755e+00 2.02362600e+00 6.07014000e+00]]
 
Ti 6.3 [6.27281378 6.070878   6.07014   ] [0.767669 0.75     0.75    ]
6 0.00 7.59 8.35 0.1907047 0.0000000 0.0000000
[[6.13043796 6.070878   4.12013585]
 [6.13842944 4.04596497 6.07014   ]
 [4.03602452 6.070878   6.07014   ]
 [6.13043796 6.070878   8.02014415]
 [6.13842944 8.09579103 6.07014   ]
 [8.12819369 6.070878   6.07014   ]]
 
Zr 6.3 [2.08085733 2.023626   2.02338   ] [0.254656 0.25     0.25    ]
6 0.00 0.65 1.97 0.0144590 0.0000000 0.0000000
[[ 2.04478944  2.023626   -0.07337585]
 [ 2.04478944  2.023626    4.12013585]
 [ 2.06892731 -0.06427846  2.02338   ]
 [ 2.06892731  4.11153046  2.02338   ]
 [-0.03830681  2.023626    2.02338   ]
 [ 4.17110343  2.023626    2.02338   ]]
 
Zr 6.3 [6.16648133 6.070878   2.02338   ] [0.754656 0.75     0.25    ]
6 0.00 0.66 1.97 0.0144590 0.0000000 0.0000000
[[ 6.13043796  6.070878   -0.07337585]
 [ 6.13043796  6.070878    4.12013585]
 [ 6.15453497  3.98297354  2.02338   ]
 [ 4.04732536  6.070878    2.02338   ]
 [ 6.15453497  8.15878246  2.02338   ]
 [ 8.25671925  6.070878    2.02338   ]]
 
